pi: 3.14
x: 0.00159265291649
y: 0.999998731729
